#first calc
q1s <- 35000
q2s <- 43000
mids <- q1s+q2s

